index,LearningRate,Epochs,NumFactors,Train RMSE,Test RMSE																									
0,0.005,10.0,2.0,2.8321113521435404,2.0550949326727928																									
1,0.005,10.0,3.0,2.7164314410528254,2.0446420362034705																									
2,0.005,10.0,4.0,2.6615902118791577,2.007663918500196																									
3,0.005,10.0,5.0,2.649409389012044,2.0545765391846813																									
4,0.005,10.0,6.0,2.590315244145732,2.033179029319617																									
5,0.005,10.0,7.0,2.5651801588073577,2.0318300387171693																									
6,0.005,10.0,8.0,2.5429949898683537,2.0321807956795848																									
7,0.005,10.0,9.0,2.4992251754024224,2.018479792239134																									
8,0.005,10.0,10.0,2.4963953212585768,2.0369692366804233																									
9,0.005,10.0,15.0,2.425185511075296,2.036736188412319																									
10,0.005,10.0,20.0,2.3558549281785415,2.030176384087731																									
11,0.005,10.0,25.0,2.3194619789578077,2.0436284222101415																									
12,0.005,10.0,30.0,2.2809433212026646,2.0322773318476646																									
13,0.005,10.0,35.0,2.249961502358279,2.030820641874031																									
14,0.005,10.0,40.0,2.2110124703224736,2.0217176346087546																									
15,0.005,10.0,50.0,2.1619084174547214,2.036617007038883																									
16,0.005,15.0,2.0,2.3893934524248244,1.971812338151572																									
17,0.005,15.0,3.0,2.268867335494802,1.9459252007191825																									
18,0.005,15.0,4.0,2.1961294955649047,1.9611901885924088																									
19,0.005,15.0,5.0,2.1950197859671094,1.9682865461661805																									
20,0.005,15.0,6.0,2.162782770725996,1.9811202722923527																									
21,0.005,15.0,7.0,2.125475587743312,1.9815053640239644																									
22,0.005,15.0,8.0,2.0893660215181047,1.9704741401183363																									
23,0.005,15.0,9.0,2.070525574647472,1.9647105338666193																									
24,0.005,15.0,10.0,2.0511345420563143,1.9579563886554172																									
25,0.005,15.0,15.0,1.972674767991802,1.992226077144953																									
26,0.005,15.0,20.0,1.906728829544023,1.9927047658444526																									
27,0.005,15.0,25.0,1.863141358781965,1.9838457472339066																									
28,0.005,15.0,30.0,1.816143773265556,1.991483995140878																									
29,0.005,15.0,35.0,1.780272377189129,1.9987914317843205																									
30,0.005,15.0,40.0,1.7408949502625133,1.9957586682172874																									
31,0.005,15.0,50.0,1.678757509334526,2.009927149707536																									
32,0.005,20.0,2.0,1.551848463013116,1.4142743724875115																									
33,0.005,20.0,3.0,2.014595080521144,1.9336420143459991																									
34,0.005,20.0,4.0,1.9425390311924362,1.93956893746703																									
35,0.005,20.0,5.0,1.889912294463524,1.9490923693065056																									
36,0.005,20.0,6.0,1.840778364931487,1.946655440851961																									
37,0.005,20.0,7.0,1.8143754085237067,1.9402560423665038																									
38,0.005,20.0,8.0,1.7836796042601448,1.9366929257113477																									
39,0.005,20.0,9.0,1.7463829981776295,1.9358530994147627																									
40,0.005,20.0,10.0,1.7337297681505301,1.952336634121279																									
41,0.005,20.0,15.0,1.6292049706038527,1.9776974103504268																									
42,0.005,20.0,20.0,1.5595193622117127,1.9625668031579293																									
43,0.005,20.0,25.0,1.5043271505425246,1.979902572419625																									
44,0.005,20.0,30.0,1.464610208034691,1.987469974723159																									
45,0.005,20.0,35.0,1.4169054030772055,2.0010277618811254																									
46,0.005,20.0,40.0,1.3808232736967816,1.9925272460833077																									
47,0.005,20.0,50.0,1.3069800781694834,2.0009125049324985																									
48,0.005,25.0,2.0,1.8803183851080771,1.8916484490382435																									
49,0.005,25.0,3.0,1.7478417787476677,1.8894851339683774																									
50,0.005,25.0,4.0,1.6758491877223538,1.9034666406077454																									
51,0.005,25.0,5.0,1.6247774826760135,1.907419821055479																									
52,0.005,25.0,6.0,1.577405456005207,1.9228290285341612																									
53,0.005,25.0,7.0,1.5284832797971954,1.8987364539235954																									
54,0.005,25.0,8.0,1.505236705558684,1.9230355396978447																									
55,0.005,25.0,9.0,1.4825823750057512,1.9292382196096374																									
56,0.005,25.0,10.0,1.4589985036470126,1.929723907921062																									
57,0.005,25.0,15.0,1.3543502376666616,1.9430429848756436																									
58,0.005,25.0,20.0,1.2879326574437187,1.9647101266526248																									
59,0.005,25.0,25.0,1.2345975055571767,1.970822623514056																									
60,0.005,25.0,30.0,1.1815341967899984,1.9766405964092963																									
61,0.005,25.0,35.0,1.1409308317384166,1.989041515518827																									
62,0.005,25.0,40.0,1.0993396394338917,1.9758373156279117																									
63,0.005,25.0,50.0,1.0318096578067226,1.9879710737276841																									
64,0.005,30.0,2.0,1.5468347333153816,1.4142743724875115																									
65,0.005,30.0,3.0,1.5310689071846606,1.8467255149601594																									
66,0.005,30.0,4.0,1.4643532643317836,1.887712917182915																									
67,0.005,30.0,5.0,1.4077906228712807,1.8967070384108407																									
68,0.005,30.0,6.0,1.3522681607460014,1.888799515790457																									
69,0.005,30.0,7.0,1.3320722376220213,1.926390583505509																									
70,0.005,30.0,8.0,1.2922234636041292,1.8939018258698639																									
71,0.005,30.0,9.0,1.2560779082537208,1.9063613341518666																									
72,0.005,30.0,10.0,1.236246186361566,1.9192839747792327																									
73,0.005,30.0,15.0,1.1481268664317619,1.9392736215593276																									
74,0.005,30.0,20.0,1.0709435373783154,1.9484054233461567																									
75,0.005,30.0,25.0,1.011480996883569,1.948835038998849																									
76,0.005,30.0,30.0,0.9690965983943057,1.970236515699934																									
77,0.005,30.0,35.0,0.9207894958022381,1.9818151552333245																									
78,0.005,30.0,40.0,0.8794037556484673,1.9725787015437928																									
79,0.005,30.0,50.0,0.818166234873888,1.9844341713589146																									
80,0.005,40.0,2.0,1.5379976002092721,1.4142743724875115																									
81,0.005,40.0,3.0,1.2526748584933691,1.8556831789808186																									
82,0.005,40.0,4.0,1.155625814879654,1.8705024378309811																									
83,0.005,40.0,5.0,1.0897036436361782,1.8866066964607433																									
84,0.005,40.0,6.0,1.0429593348785184,1.899401599428153																									
85,0.005,40.0,7.0,0.9951575439426182,1.8679575428369395																									
86,0.005,40.0,8.0,0.9635171349311056,1.8847583315004584																									
87,0.005,40.0,9.0,0.9368989012242397,1.8983768103867704																									
88,0.005,40.0,10.0,0.9118436790234101,1.9184160958265783																									
89,0.005,40.0,15.0,0.8124731104779485,1.9339957363849587																									
90,0.005,40.0,20.0,0.7452713230842644,1.9350232650452164																									
91,0.005,40.0,25.0,0.6932967099078374,1.9588643240929273																									
92,0.005,40.0,30.0,0.650173355978463,1.962398189741743																									
93,0.005,40.0,35.0,0.6109576223022118,1.9618198814544578																									
94,0.005,40.0,40.0,0.5760637975612658,1.9734527141294602																									
95,0.005,40.0,50.0,0.5195359412141032,1.9795616154235347																									
96,0.005,45.0,2.0,1.528127658953037,1.4142743724875115																									
97,0.005,45.0,3.0,1.1268530241851373,1.8368465579014874																									
98,0.005,45.0,4.0,1.0119055348514354,1.8562656341097457																									
99,0.005,45.0,5.0,0.956237265366867,1.8385851209054889																									
100,0.005,45.0,6.0,0.9001578980099261,1.8750156812741197																									
101,0.005,45.0,7.0,0.8670471992334213,1.8943304252335451																									
102,0.005,45.0,8.0,0.8313255656424728,1.888555628802315																									
103,0.005,45.0,9.0,0.8080604659766923,1.9004909954816787																									
104,0.005,45.0,10.0,0.7857978628542814,1.9016864596046281																									
105,0.005,45.0,15.0,0.690024781384828,1.9372138667154555																									
106,0.005,45.0,20.0,0.6237865406258364,1.9390094195642433																									
107,0.005,45.0,25.0,0.5803699888901915,1.9490814443411542																									
108,0.005,45.0,30.0,0.5385461042511511,1.9597755468180027																									
109,0.005,45.0,35.0,0.5037250337031118,1.976866660467555																									
110,0.005,45.0,40.0,0.468530426941475,1.968185441208244																									
111,0.005,45.0,50.0,0.4245145576896655,1.986093153544171																									
112,0.005,50.0,2.0,1.5207463688570835,1.4142743724875115																									
113,0.005,50.0,3.0,1.0331662882291865,1.8364353832258282																									
114,0.005,50.0,4.0,0.9268097986388742,1.8655011606998313																									
115,0.005,50.0,5.0,0.8416982514100695,1.8469058066449702																									
116,0.005,50.0,6.0,0.798659273035351,1.8897620613225175																									
117,0.005,50.0,7.0,0.7588372113195948,1.8872183419407214																									
118,0.005,50.0,8.0,0.718336983472697,1.889400080348067																									
119,0.005,50.0,9.0,0.693306560381768,1.8762296277684019																									
120,0.005,50.0,10.0,0.6744290267734966,1.9083680529093352																									
121,0.005,50.0,15.0,0.5895577318135055,1.9333483069859931																									
122,0.005,50.0,20.0,0.5274799759327838,1.9386445031089476																									
123,0.005,50.0,25.0,0.4856846954763285,1.9576903162700634																									
124,0.005,50.0,30.0,0.44825153211664026,1.9443046946960245																									
125,0.005,50.0,35.0,0.4164586455093873,1.965934318022803																									
126,0.005,50.0,40.0,0.3894007270638558,1.965204173224177																									
127,0.005,50.0,50.0,0.3432074904139872,1.9810279384216023																									
128,0.005,60.0,2.0,1.4984048382552908,1.4141836109384165																									
129,0.005,60.0,3.0,0.8329793398760349,1.8250935673595667																									
130,0.005,60.0,4.0,0.7290681481174804,1.8253712674194136																									
131,0.005,60.0,5.0,0.6720930887505254,1.8659772690368028																									
132,0.005,60.0,6.0,0.6147657347248636,1.8617305535336852																									
133,0.005,60.0,7.0,0.5833747157049097,1.863807974747988																									
134,0.005,60.0,8.0,0.5496008271094867,1.8581690838079388																									
135,0.005,60.0,9.0,0.5286878307669765,1.895842036448742																									
136,0.005,60.0,10.0,0.5095355539288728,1.8966693735608848																									
137,0.005,60.0,15.0,0.43276725035378183,1.9368110667621672																									
138,0.005,60.0,20.0,0.38967600151810555,1.9362029956995277																									
139,0.005,60.0,25.0,0.34607956164434744,1.948316493923256																									
140,0.005,60.0,30.0,0.31800713680903436,1.953089072928213																									
141,0.005,60.0,35.0,0.2926340617932514,1.9670867850294318																									
142,0.005,60.0,40.0,0.2704936500557606,1.9724938006594743																									
143,0.005,60.0,50.0,0.23402633816642915,1.9828809258148647																									
144,0.05,10.0,2.0,1.4271631927388784,1.413854390685709																									
145,0.05,10.0,3.0,1.4181652448438846,1.4138923150941334																									
146,0.05,10.0,4.0,1.4127048815104695,1.4138329608406957																									
147,0.05,10.0,5.0,1.4086991425828812,1.413640143231918																									
148,0.05,10.0,6.0,1.4068315835939549,1.4138134517556609																									
149,0.05,10.0,7.0,1.404405069022017,1.4137900049625516																									
150,0.05,10.0,8.0,1.4020297518135045,1.4139745577893499																									
151,0.05,10.0,9.0,1.400700239041643,1.4139290233174562																									
152,0.05,10.0,10.0,1.399458157254618,1.4139560523319832																									
153,0.05,10.0,15.0,1.3960672949915485,1.4139743203733575																									
154,0.05,10.0,20.0,1.3945090063885215,1.4139217843357856																									
155,0.05,10.0,25.0,1.3936180045206725,1.4139742451870887																									
156,0.05,10.0,30.0,1.3930780139267605,1.4139742959077957																									
157,0.05,10.0,35.0,1.3927978216637342,1.4139742905573613																									
158,0.05,10.0,40.0,1.3926323651851795,1.4139743035439396																									
159,0.05,10.0,50.0,1.393630712939566,1.4139742766462253																									
160,0.05,15.0,2.0,1.398662808296285,1.4130181978756229																									
161,0.05,15.0,3.0,1.3955021901592157,1.4139318724547607																									
162,0.05,15.0,4.0,1.3940170792169215,1.4138938877144605																									
163,0.05,15.0,5.0,1.3933772255194674,1.4139786088064128																									
164,0.05,15.0,6.0,1.3929908821599943,1.4134791394466402																									
165,0.05,15.0,7.0,1.3926117843451118,1.413823643880805																									
166,0.05,15.0,8.0,1.392560305593366,1.4139742908197594																									
167,0.05,15.0,9.0,1.3923869506025564,1.4138025823383764																									
168,0.05,15.0,10.0,1.392355787960403,1.4139742909723354																									
169,0.05,15.0,15.0,1.3922046667743386,1.4139742911751056																									
170,0.05,15.0,20.0,1.3921374008110796,1.4139742914941005																									
171,0.05,15.0,25.0,1.392083626958983,1.4137849732491323																									
172,0.05,15.0,30.0,1.3920706057057501,1.413974291162582																									
173,0.05,15.0,35.0,1.3922200654386125,1.4139413493009532																									
174,0.05,15.0,40.0,1.3920631488858886,1.4139744676998707																									
175,0.05,15.0,50.0,1.3920220883631353,1.4139742911886026																									
176,0.05,20.0,2.0,1.3929341056728113,1.4138273952772824																									
177,0.05,20.0,3.0,1.3924193258031876,1.4139742912462683																									
178,0.05,20.0,4.0,1.3922023157741907,1.4135086510142874																									
179,0.05,20.0,5.0,1.3921910949987741,1.4137936085569751																									
180,0.05,20.0,6.0,1.3921189569643486,1.4138623893821767																									
181,0.05,20.0,7.0,1.3920940806645015,1.413881218776118																									
182,0.05,20.0,8.0,1.3925738191045083,1.4139683468081907																									
183,0.05,20.0,9.0,1.392573320645597,1.4137609334410648																									
184,0.05,20.0,10.0,1.3920779213424572,1.4139603627665158																									
185,0.05,20.0,15.0,1.39203186236198,1.4137796452588238																									
186,0.05,20.0,20.0,1.3920154428205722,1.4137937533273461																									
187,0.05,20.0,25.0,1.3925022753234724,1.4139656568526369																									
188,0.05,20.0,30.0,1.3924982931407757,1.4139364605116234																									
189,0.05,20.0,35.0,1.391998829023401,1.4139588527299345																									
190,0.05,20.0,40.0,1.3919979809199023,1.4139742912659152																									
191,0.05,20.0,50.0,1.391994900848629,1.4139742912667093																									
192,0.05,25.0,2.0,1.3922786606932152,1.413974291267266																									
193,0.05,25.0,3.0,1.392129720313206,1.4135790518297104																									
194,0.05,25.0,4.0,1.3920742714133745,1.4138841481222593																									
195,0.05,25.0,5.0,1.3920390723031186,1.4135436855799617																									
196,0.05,25.0,6.0,1.3920322665917808,1.4140185530469969																									
197,0.05,25.0,7.0,1.392017563686433,1.4135004041000239																									
198,0.05,25.0,8.0,1.3920184090186578,1.413983465199669																									
199,0.05,25.0,9.0,1.3920158961030547,1.4138516627842221																									
200,0.05,25.0,10.0,1.3920035595431126,1.4137969607693264																									
201,0.05,25.0,15.0,1.3919981726483417,1.4139876049232398																									
202,0.05,25.0,20.0,1.3919963983111578,1.413974291266804																									
203,0.05,25.0,25.0,1.3921443766734072,1.4139742912668392																									
204,0.05,25.0,30.0,1.3919933260398192,1.4139890639599986																									
205,0.05,25.0,35.0,1.3919930873113708,1.4139742912668274																									
206,0.05,25.0,40.0,1.3924892342616242,1.4139778942361085																									
207,0.05,25.0,50.0,1.3924889506545817,1.4138689410310625																									
208,0.05,30.0,2.0,1.3921160749737262,1.4129265497319892																									
209,0.05,30.0,3.0,1.3920366385048633,1.4137431523528128																									
210,0.05,30.0,4.0,1.3920183213121782,1.4137516471443856																									
211,0.05,30.0,5.0,1.3920128259717661,1.4139606426533458																									
212,0.05,30.0,6.0,1.3920013358119805,1.4137679371869702																									
213,0.05,30.0,7.0,1.3920000831851465,1.4139600034100273																									
214,0.05,30.0,8.0,1.391996481391673,1.4134443663142928																									
215,0.05,30.0,9.0,1.3919950808606252,1.4138563913947841																									
216,0.05,30.0,10.0,1.392490634573695,1.4139009386072428																									
217,0.05,30.0,15.0,1.392489667512976,1.4138139267777443																									
218,0.05,30.0,20.0,1.3919924451780872,1.4140196878767866																									
219,0.05,30.0,25.0,1.3919923748018004,1.4139654644832647																									
220,0.05,30.0,30.0,1.3924888422751143,1.4139742912668274																									
221,0.05,30.0,35.0,1.3919921713303627,1.4139742912668274																									
222,0.05,30.0,40.0,1.3919921220808393,1.4139742912668274																									
223,0.05,30.0,50.0,1.3924887549619316,1.4139742912668274																									
224,0.05,40.0,2.0,1.392501089725561,1.4136647859685116																									
225,0.05,40.0,3.0,1.3920008413051268,1.4139742912668274																									
226,0.05,40.0,4.0,1.3919944761692176,1.4135119604871356																									
227,0.05,40.0,5.0,1.3919922608452195,1.4139742912668274																									
228,0.05,40.0,6.0,1.3919924112494193,1.4137281993092647																									
229,0.05,40.0,7.0,1.3919921880614778,1.4139536578877039																									
230,0.05,40.0,8.0,1.3919921694953923,1.4137362553167383																									
231,0.05,40.0,9.0,1.3921513992425907,1.4139276398554228																									
232,0.05,40.0,10.0,1.3919925156094717,1.41387255205512																									
233,0.05,40.0,15.0,1.3924887390328267,1.4139742912668274																									
234,0.05,40.0,20.0,1.3919920788682636,1.413887260573836																									
235,0.05,40.0,25.0,1.3919920816064741,1.4139742912668274																									
236,0.05,40.0,30.0,1.3924887291528445,1.413958492800408																									
237,0.05,40.0,35.0,1.3920327164741084,1.4139397042966773																									
238,0.05,40.0,40.0,1.3924887281111842,1.413880659349036																									
239,0.05,40.0,50.0,1.3924887273545206,1.4139473570442989																									
240,0.05,45.0,2.0,1.3925028242352193,1.4137059337140463																									
241,0.05,45.0,3.0,1.3919925594809364,1.4138598967324538																									
242,0.05,45.0,4.0,1.3919923713457543,1.4140805388555595																									
243,0.05,45.0,5.0,1.3919921619270403,1.4139606068921782																									
244,0.05,45.0,6.0,1.3919922548111363,1.4137758615334786																									
245,0.05,45.0,7.0,1.3919934285850342,1.4139173958683529																									
246,0.05,45.0,8.0,1.3919921972794622,1.4138366464778565																									
247,0.05,45.0,9.0,1.3919920979703793,1.4139742912668274																									
248,0.05,45.0,10.0,1.391992078980067,1.4138991566398371																									
249,0.05,45.0,15.0,1.391992076525541,1.4138755919151917																									
250,0.05,45.0,20.0,1.391992074219156,1.4139742912668274																									
251,0.05,45.0,25.0,1.3919920725103392,1.4139742912668274																									
252,0.05,45.0,30.0,1.3924887275509166,1.4138948738283748																									
253,0.05,45.0,35.0,1.3924887272755018,1.4138586756877012																									
254,0.05,45.0,40.0,1.3924887271635045,1.4139858477316658																									
255,0.05,45.0,50.0,1.3924887271234654,1.4139742912668274																									
256,0.05,50.0,2.0,1.3919928545062308,1.4132169077191385																									
257,0.05,50.0,3.0,1.3919921311762102,1.4135460360453964																									
258,0.05,50.0,4.0,1.3919922226020396,1.4136372469926533																									
259,0.05,50.0,5.0,1.3919921131933162,1.413911249236043																									
260,0.05,50.0,6.0,1.3919920826874403,1.4140493704688837																									
261,0.05,50.0,7.0,1.391992119630738,1.413684178625699																									
262,0.05,50.0,8.0,1.3924887610513335,1.4136366065514072																									
263,0.05,50.0,9.0,1.391992081364944,1.4141321110546787																									
264,0.05,50.0,10.0,1.391992095711245,1.4139742912668274																									
265,0.05,50.0,15.0,1.3924887283877996,1.4138974968046985																									
266,0.05,50.0,20.0,1.3919920728158857,1.4139800638471591																									
267,0.05,50.0,25.0,1.3919920718664245,1.4139364384722202																									
268,0.05,50.0,30.0,1.3924887271995878,1.4137730885683222																									
269,0.05,50.0,35.0,1.3924887271965125,1.4139742912668274																									
270,0.05,50.0,40.0,1.3924887270958755,1.4139742912668274																									
271,0.05,50.0,50.0,1.392488727096236,1.413951903250188																									
272,0.05,60.0,2.0,1.391992560020887,1.4133421642706987																									
273,0.05,60.0,3.0,1.3919920861278372,1.41376913349782																									
274,0.05,60.0,4.0,1.3919922446140294,1.4140551453663495																									
275,0.05,60.0,5.0,1.3919921447631647,1.4136081747031277																									
276,0.05,60.0,6.0,1.3919920745253351,1.41385963472056																									
277,0.05,60.0,7.0,1.3919920730769637,1.4139189744966925																									
278,0.05,60.0,8.0,1.3919920720429297,1.4139266880939128																									
279,0.05,60.0,9.0,1.3924887286600096,1.4139330552670752																									
280,0.05,60.0,10.0,1.3924887279338516,1.4139957556532587																									
281,0.05,60.0,15.0,1.39248872743233,1.4139742912668274																									
282,0.05,60.0,20.0,1.3919920713551461,1.4139223561443666																									
283,0.05,60.0,25.0,1.3919920712736216,1.413952029767895																									
284,0.05,60.0,30.0,1.3919922446372763,1.4139742912668274																									
285,0.05,60.0,35.0,1.3919945677050074,1.4139742912668274																									
286,0.05,60.0,40.0,1.3919930600112984,1.4139742912668274																									
287,0.05,60.0,50.0,1.3919920711852969,1.4139742912668274																									
288,0.1,10.0,2.0,1.4003104721515212,1.413103675996316																									
289,0.1,10.0,3.0,1.400751657082891,1.4136189665229177																									
290,0.1,10.0,4.0,1.3998238297245433,1.4137626788135578																									
291,0.1,10.0,5.0,1.399647362483867,1.4136034753025457																									
292,0.1,10.0,6.0,1.399746548851288,1.413327622476486																									
293,0.1,10.0,7.0,1.399736980849375,1.4136411813702197																									
294,0.1,10.0,8.0,1.3999618433849421,1.41362794523656																									
295,0.1,10.0,9.0,1.3997095322748276,1.4137948013090915																									
296,0.1,10.0,10.0,1.4004067906058548,1.4137724817354091																									
297,0.1,10.0,15.0,1.3998845029245373,1.4136890310574561																									
298,0.1,10.0,20.0,1.400464680891355,1.4137961354374329																									
299,0.1,10.0,25.0,1.400316837896827,1.4137155959950116																									
300,0.1,10.0,30.0,1.4006500014748464,1.413794791078281																									
301,0.1,10.0,35.0,1.4008443394717416,1.4138039095585286																									
302,0.1,10.0,40.0,1.4004318567746497,1.4137568280987747																									
303,0.1,10.0,50.0,1.4012040985967054,1.4137952287719162																									
304,0.1,15.0,2.0,1.3996514443425068,1.4137942420730767																									
305,0.1,15.0,3.0,1.3994818517473835,1.4140056651896593																									
306,0.1,15.0,4.0,1.3994003423324772,1.4138567821401555																									
307,0.1,15.0,5.0,1.3992786149923417,1.4135077137031233																									
308,0.1,15.0,6.0,1.399286356629194,1.4136304458452533																									
309,0.1,15.0,7.0,1.3993010177128915,1.4137475020055115																									
310,0.1,15.0,8.0,1.3994602727157857,1.4137103570908445																									
311,0.1,15.0,9.0,1.3992943853147883,1.4137091500453154																									
312,0.1,15.0,10.0,1.399273790780101,1.4137500516579062																									
313,0.1,15.0,15.0,1.3994181421190293,1.4137945492641442																									
314,0.1,15.0,20.0,1.3995566343979824,1.4137942803853953																									
315,0.1,15.0,25.0,1.3994839117747078,1.4137515133721943																									
316,0.1,15.0,30.0,1.3998028672544043,1.4137943455107111																									
317,0.1,15.0,35.0,1.3998372618361687,1.4137524632773673																									
318,0.1,15.0,40.0,1.4004578086374728,1.41378682090498																									
319,0.1,15.0,50.0,1.4002286831554633,1.413794425814285																									
320,0.1,20.0,2.0,1.3998080354508882,1.4133037183238426																									
321,0.1,20.0,3.0,1.3995053173747378,1.413433352006267																									
322,0.1,20.0,4.0,1.3993102077466375,1.4134478197584976																									
323,0.1,20.0,5.0,1.3992774486438748,1.4137942356182178																									
324,0.1,20.0,6.0,1.3992991760985791,1.4137668312015517																									
325,0.1,20.0,7.0,1.3992700161930889,1.4137461917741532																									
326,0.1,20.0,8.0,1.3994230398198984,1.4136391291326444																									
327,0.1,20.0,9.0,1.3992773130018086,1.4137942477504468																									
328,0.1,20.0,10.0,1.3994430577411143,1.4137994050737244																									
329,0.1,20.0,15.0,1.399481940018615,1.4138512450055463																									
330,0.1,20.0,20.0,1.3995472507718325,1.413748840078196																									
331,0.1,20.0,25.0,1.3997652774631875,1.4136033008601525																									
332,0.1,20.0,30.0,1.4000559730627316,1.4137942669072079																									
333,0.1,20.0,35.0,1.3997649703249146,1.4137552819425743																									
334,0.1,20.0,40.0,1.4002806779364352,1.4137942554297447																									
335,0.1,20.0,50.0,1.4000544480239632,1.4137942469300748																									
336,0.1,25.0,2.0,1.399692616595906,1.4137070459669565																									
337,0.1,25.0,3.0,1.3992716589006284,1.4136450986362243																									
338,0.1,25.0,4.0,1.399294391073774,1.413707456333071																									
339,0.1,25.0,5.0,1.3997133057378461,1.413495616013576																									
340,0.1,25.0,6.0,1.3996852978100744,1.4137942420131424																									
341,0.1,25.0,7.0,1.3993039682103723,1.4136684406239275																									
342,0.1,25.0,8.0,1.3993471963590343,1.413890741783201																									
343,0.1,25.0,9.0,1.3994400754909917,1.4132659243792396																									
344,0.1,25.0,10.0,1.3993687494445848,1.413537047907475																									
345,0.1,25.0,15.0,1.3996620073100916,1.4137281313125754																									
346,0.1,25.0,20.0,1.3997294503865318,1.4137942422683276																									
347,0.1,25.0,25.0,1.3997745982963452,1.4137136066741918																									
348,0.1,25.0,30.0,1.4000822522313572,1.4137168931204867																									
349,0.1,25.0,35.0,1.4002468524463574,1.4137942472046507																									
350,0.1,25.0,40.0,1.400070292878917,1.4137990900727408																									
351,0.1,25.0,50.0,1.4002398597691337,1.4137609982379933																									
352,0.1,30.0,2.0,1.3992705627538162,1.413467925329082																									
353,0.1,30.0,3.0,1.3996514843934194,1.413391522450634																									
354,0.1,30.0,4.0,1.3992702558741383,1.4136260284215363																									
355,0.1,30.0,5.0,1.3993006037987963,1.4136882865757219																									
356,0.1,30.0,6.0,1.399300217807868,1.4135323594504223																									
357,0.1,30.0,7.0,1.3993287066691926,1.4137333958230494																									
358,0.1,30.0,8.0,1.3993815990550877,1.4135485997053812																									
359,0.1,30.0,9.0,1.3994119505651772,1.413534629264741																									
360,0.1,30.0,10.0,1.4000683386599915,1.413794241719035																									
361,0.1,30.0,15.0,1.3998585983965262,1.413794241741809																									
362,0.1,30.0,20.0,1.399972466292689,1.4137556354129581																									
363,0.1,30.0,25.0,1.400089817640509,1.4137678164438292																									
364,0.1,30.0,30.0,1.3997747820145816,1.4137942419468275																									
365,0.1,30.0,35.0,1.3996235759730287,1.413768046041217																									
366,0.1,30.0,40.0,1.3998240655243304,1.4137942419103495																									
367,0.1,30.0,50.0,1.4001512534128355,1.4137942084853232																									
368,0.1,40.0,2.0,1.3996585089077263,1.413252063833934																									
369,0.1,40.0,3.0,1.399269622366033,1.4135127364964843																									
370,0.1,40.0,4.0,1.399579872771682,1.4135094840168763																									
371,0.1,40.0,5.0,1.3992696788233168,1.4138104342933902																									
372,0.1,40.0,6.0,1.3992983744813199,1.413783933619206																									
373,0.1,40.0,7.0,1.399383491964734,1.413509907627114																									
374,0.1,40.0,8.0,1.3993365600418985,1.4135996030981408																									
375,0.1,40.0,9.0,1.399429155521855,1.4136551333880683																									
376,0.1,40.0,10.0,1.3994596714971812,1.413417476429612																									
377,0.1,40.0,15.0,1.3993911921872961,1.4138168950569088																									
378,0.1,40.0,20.0,1.3997498528804346,1.4137510701418963																									
379,0.1,40.0,25.0,1.3998358946105138,1.4137972096950608																									
380,0.1,40.0,30.0,1.3999404893286431,1.4137942417134812																									
381,0.1,40.0,35.0,1.3999144397679308,1.4137942417153362																									
382,0.1,40.0,40.0,1.4002225243101205,1.4137942415799285																									
383,0.1,40.0,50.0,1.4002586054162556,1.4137942417165228																									
384,0.1,45.0,2.0,1.3994111700612313,1.413433744098571																									
385,0.1,45.0,3.0,1.399381616863394,1.413763934684596																									
386,0.1,45.0,4.0,1.399381574523747,1.4134598337088957																									
387,0.1,45.0,5.0,1.3994727056691032,1.4136075073755687																									
388,0.1,45.0,6.0,1.3993280204438032,1.4136288796826106																									
389,0.1,45.0,7.0,1.3994104113468147,1.4135076294770468																									
390,0.1,45.0,8.0,1.3992886189310725,1.4136224779784645																									
391,0.1,45.0,9.0,1.3993090229676768,1.4135516488286892																									
392,0.1,45.0,10.0,1.3993443324087111,1.4136836445500343																									
393,0.1,45.0,15.0,1.3993801360226648,1.4137917249012688																									
394,0.1,45.0,20.0,1.399598833623886,1.413794241715007																									
395,0.1,45.0,25.0,1.399797387228488,1.4137326922432834																									
396,0.1,45.0,30.0,1.3999406265519874,1.4137074367045597																									
397,0.1,45.0,35.0,1.4000779437999122,1.4137942416869878																									
398,0.1,45.0,40.0,1.4002615000096479,1.4137680567921933																									
399,0.1,45.0,50.0,1.4003508829207725,1.4137942417110743																									
400,0.1,50.0,2.0,1.3994111687030717,1.4129913349328493																									
401,0.1,50.0,3.0,1.3992696311352362,1.4135073536154856																									
402,0.1,50.0,4.0,1.3994716856873994,1.4132027619069165																									
403,0.1,50.0,5.0,1.399299805252681,1.4136210006918823																									
404,0.1,50.0,6.0,1.3994399961384314,1.413808578350722																									
405,0.1,50.0,7.0,1.3995918210516483,1.4136363808223078																									
406,0.1,50.0,8.0,1.3993170668199248,1.41379424171512																									
407,0.1,50.0,9.0,1.3994726004358968,1.413832920152754																									
408,0.1,50.0,10.0,1.3993466679626725,1.413721264644745																									
409,0.1,50.0,15.0,1.39970456982028,1.4137824400163288																									
410,0.1,50.0,20.0,1.39974523999687,1.4136796647661574																									
411,0.1,50.0,25.0,1.3998990247181273,1.413794241714907																									
412,0.1,50.0,30.0,1.4000483907429533,1.4137942417151015																									
413,0.1,50.0,35.0,1.4001183794555156,1.4137942417150224																									
414,0.1,50.0,40.0,1.4002794029708714,1.4137942417151284																									
415,0.1,50.0,50.0,1.4003567003861306,1.4137942417149838																									
416,0.1,60.0,2.0,1.3993815708579715,1.4133406209009207																									
417,0.1,60.0,3.0,1.399269573844946,1.4130969143273575																									
418,0.1,60.0,4.0,1.3992993266924592,1.4137383819580962																									
419,0.1,60.0,5.0,1.3992695345353965,1.4135275488427184																									
420,0.1,60.0,6.0,1.3992695490614282,1.4135652601139006																									
421,0.1,60.0,7.0,1.3994002958025464,1.413615981046789																									
422,0.1,60.0,8.0,1.399381571549512,1.4136121337976773																									
423,0.1,60.0,9.0,1.3996319247915208,1.4136874993754025																									
424,0.1,60.0,10.0,1.3993605689137412,1.4137892831453223																									
425,0.1,60.0,15.0,1.3995030559967663,1.4137775713722947																									
426,0.1,60.0,20.0,1.3998007404682427,1.4137942417151235																									
427,0.1,60.0,25.0,1.3998023965888555,1.4137942417151235																									
428,0.1,60.0,30.0,1.399888982857128,1.413794241715122																									
429,0.1,60.0,35.0,1.4001457075893697,1.4137942417151228																									
430,0.1,60.0,40.0,1.400008764210195,1.4137942417151337																									
431,0.1,60.0,50.0,1.4002639052842212,1.4137428312335965																									
432,0.5,10.0,2.0,1.4170391359383054,1.4130185031848617																									
433,0.5,10.0,3.0,1.4168262827434521,1.4130185031848617																									
434,0.5,10.0,4.0,1.4170267940174341,1.4130185031848617																									
435,0.5,10.0,5.0,1.4166317799247254,1.4130185031848617																									
436,0.5,10.0,6.0,1.4165084961936325,1.4130185031848617																									
437,0.5,10.0,7.0,1.4165116001893097,1.4130185031848617																									
438,0.5,10.0,8.0,1.4164703834038765,1.4130185031848617																									
439,0.5,10.0,9.0,1.4166055220748077,1.4130185031848617																									
440,0.5,10.0,10.0,1.4166431124248358,1.4130185031848617																									
441,0.5,10.0,15.0,1.4168914659696308,1.4130185031848617																									
442,0.5,10.0,20.0,1.417053703416173,1.4130185031848617																									
443,0.5,10.0,25.0,1.4172914238242396,1.4130185031848617																									
444,0.5,10.0,30.0,1.4171851810452585,1.4130185031848617																									
445,0.5,10.0,35.0,1.4172696224240946,1.4130185031848617																									
446,0.5,10.0,40.0,1.4172062232456308,1.4130185031848617																									
447,0.5,10.0,50.0,1.4171778482268642,1.4130185031848617																									
448,0.5,15.0,2.0,1.4166704328225737,1.4130185031848617																									
449,0.5,15.0,3.0,1.4168175460590864,1.4130185031848617																									
450,0.5,15.0,4.0,1.4168467835901837,1.4130185031848617																									
451,0.5,15.0,5.0,1.4167425855279168,1.4130185031848617																									
452,0.5,15.0,6.0,1.4168423684119404,1.4130185031848617																									
453,0.5,15.0,7.0,1.4168256992446921,1.4130185031848617																									
454,0.5,15.0,8.0,1.4166991213947804,1.4130185031848617																									
455,0.5,15.0,9.0,1.4168386420562045,1.4130185031848617																									
456,0.5,15.0,10.0,1.416905835175815,1.4130185031848617																									
457,0.5,15.0,15.0,1.416796002690229,1.4130185031848617																									
458,0.5,15.0,20.0,1.4167500332479874,1.4130185031848617																									
459,0.5,15.0,25.0,1.416749079029182,1.4130185031848617																									
460,0.5,15.0,30.0,1.4167855740060762,1.4130185031848617																									
461,0.5,15.0,35.0,1.4167237276223859,1.4130185031848617																									
462,0.5,15.0,40.0,1.4167855740060762,1.4130185031848617																									
463,0.5,15.0,50.0,1.4167079731299321,1.4130185031848617																									
464,0.5,20.0,2.0,1.4167915027026947,1.4130185031848617																									
465,0.5,20.0,3.0,1.416789252531503,1.4130185031848617																									
466,0.5,20.0,4.0,1.4167698202013543,1.4130185031848617																									
467,0.5,20.0,5.0,1.416809756886807,1.4130185031848617																									
468,0.5,20.0,6.0,1.4167175684079587,1.4130185031848617																									
469,0.5,20.0,7.0,1.4167855740060762,1.4130185031848617																									
470,0.5,20.0,8.0,1.4167782496399906,1.4130185031848617																									
471,0.5,20.0,9.0,1.4167940033509825,1.4130185031848617																									
472,0.5,20.0,10.0,1.4167304364181386,1.4130185031848617																									
473,0.5,20.0,15.0,1.4167987988388464,1.4130185031848617																									
474,0.5,20.0,20.0,1.4167782496399906,1.4130185031848617																									
475,0.5,20.0,25.0,1.4167855740060762,1.4130185031848617																									
476,0.5,20.0,30.0,1.4167855740060762,1.4130185031848617																									
477,0.5,20.0,35.0,1.4167855740060762,1.4130185031848617																									
478,0.5,20.0,40.0,1.4167855740060762,1.4130185031848617																									
479,0.5,20.0,50.0,1.416785574006165,1.4130185031848617																									
480,0.5,25.0,2.0,1.4167649260050639,1.4130185031848617																									
481,0.5,25.0,3.0,1.416749257467344,1.4130185031848617																									
482,0.5,25.0,4.0,1.416809756886807,1.4130185031848617																									
483,0.5,25.0,5.0,1.4167940033509827,1.4130185031848617																									
484,0.5,25.0,6.0,1.4167698202013543,1.4130185031848617																									
485,0.5,25.0,7.0,1.4167855740060762,1.4130185031848617																									
486,0.5,25.0,8.0,1.4167732577581478,1.4130185031848617																									
487,0.5,25.0,9.0,1.4166993879485221,1.4130185031848617																									
488,0.5,25.0,10.0,1.4167698202013543,1.4130185031848617																									
489,0.5,25.0,15.0,1.4167940033509827,1.4130185031848617																									
490,0.5,25.0,20.0,1.4167855740060762,1.4130185031848617																									
491,0.5,25.0,25.0,1.4167855740060762,1.4130185031848617																									
492,0.5,25.0,30.0,1.4167855740060762,1.4130185031848617																									
493,0.5,25.0,35.0,1.4167855740060762,1.4130185031848617																									
494,0.5,25.0,40.0,1.4167855740060762,1.4130185031848617																									
495,0.5,25.0,50.0,1.4167855740060762,1.4130185031848617																									
496,0.5,30.0,2.0,1.4167855740060762,1.4130185031848617																									
497,0.5,30.0,3.0,1.4167855740060762,1.4130185031848617																									
498,0.5,30.0,4.0,1.4167698202013543,1.4130185031848617																									
499,0.5,30.0,5.0,1.4167855740060762,1.4130185031848617																									
500,0.5,30.0,6.0,1.4167855740060762,1.4130185031848617																									
501,0.5,30.0,7.0,1.4167855740060762,1.4130185031848617																									
502,0.5,30.0,8.0,1.4167855740060762,1.4130185031848617																									
503,0.5,30.0,9.0,1.4167534972230253,1.4130185031848617																									
504,0.5,30.0,10.0,1.4167855740060762,1.4130185031848617																									
505,0.5,30.0,15.0,1.4167855740060762,1.4130185031848617																									
506,0.5,30.0,20.0,1.4167855740060762,1.4130185031848617																									
507,0.5,30.0,25.0,1.4167855740060762,1.4130185031848617																									
508,0.5,30.0,30.0,1.4167855740060762,1.4130185031848617																									
509,0.5,30.0,35.0,1.4167855740060762,1.4130185031848617																									
510,0.5,30.0,40.0,1.4167855740060762,1.4130185031848617																									
511,0.5,30.0,50.0,1.4167855740060762,1.4130185031848617																									
512,0.5,40.0,2.0,1.4167855740060762,1.4130185031848617																									
513,0.5,40.0,3.0,1.4167855740060762,1.4130185031848617																									
514,0.5,40.0,4.0,1.4167855740060762,1.4130185031848617																									
515,0.5,40.0,5.0,1.4167855740060762,1.4130185031848617																									
516,0.5,40.0,6.0,1.4167855740060762,1.4130185031848617																									
517,0.5,40.0,7.0,1.4167698202013543,1.4130185031848617																									
518,0.5,40.0,8.0,1.4167187721943542,1.4130185031848617																									
519,0.5,40.0,9.0,1.4167855740060762,1.4130185031848617																									
520,0.5,40.0,10.0,1.4167855740060762,1.4130185031848617																									
521,0.5,40.0,15.0,1.4167855740060762,1.4130185031848617																									
522,0.5,40.0,20.0,1.4167855740060762,1.4130185031848617																									
523,0.5,40.0,25.0,1.4167855740060762,1.4130185031848617																									
524,0.5,40.0,30.0,1.4167855740060762,1.4130185031848617																									
525,0.5,40.0,35.0,1.4167855740060762,1.4130185031848617																									
526,0.5,40.0,40.0,1.4167855740060762,1.4130185031848617																									
527,0.5,40.0,50.0,1.4167855740060764,1.4130185031848617																									
528,0.5,45.0,2.0,1.4167855740060762,1.4130185031848617																									
529,0.5,45.0,3.0,1.4167855740060762,1.4130185031848617																									
530,0.5,45.0,4.0,1.4167855740060762,1.4130185031848617																									
531,0.5,45.0,5.0,1.4167855740060762,1.4130185031848617																									
532,0.5,45.0,6.0,1.4167855740060762,1.4130185031848617																									
533,0.5,45.0,7.0,1.4167855740060762,1.4130185031848617																									
534,0.5,45.0,8.0,1.4167855740060762,1.4130185031848617																									
535,0.5,45.0,9.0,1.4167855740060762,1.4130185031848617																									
536,0.5,45.0,10.0,1.4167855740060762,1.4130185031848617																									
537,0.5,45.0,15.0,1.4167855740060762,1.4130185031848617																									
538,0.5,45.0,20.0,1.4167855740060762,1.4130185031848617																									
539,0.5,45.0,25.0,1.4167855740060762,1.4130185031848617																									
540,0.5,45.0,30.0,1.4167855740060762,1.4130185031848617																									
541,0.5,45.0,35.0,1.4167855740060762,1.4130185031848617																									
542,0.5,45.0,40.0,1.4167855740060762,1.4130185031848617																									
543,0.5,45.0,50.0,1.416923841209208,1.4130185031848617																									
544,0.5,50.0,2.0,1.4167855740060762,1.4130185031848617																									
545,0.5,50.0,3.0,1.4167698202013543,1.4130185031848617																									
546,0.5,50.0,4.0,1.4167855740060762,1.4130185031848617																									
547,0.5,50.0,5.0,1.4167855740060762,1.4130185031848617																									
548,0.5,50.0,6.0,1.4167855740060762,1.4130185031848617																									
549,0.5,50.0,7.0,1.4167855740060762,1.4130185031848617																									
550,0.5,50.0,8.0,1.4167855740060762,1.4130185031848617																									
551,0.5,50.0,9.0,1.4167855740060762,1.4130185031848617																									
552,0.5,50.0,10.0,1.4167855740060762,1.4130185031848617																									
553,0.5,50.0,15.0,1.4167855740060762,1.4130185031848617																									
554,0.5,50.0,20.0,1.4167855740060762,1.4130185031848617																									
555,0.5,50.0,25.0,1.4167855740060762,1.4130185031848617																									
556,0.5,50.0,30.0,1.4167855740060762,1.4130185031848617																									
557,0.5,50.0,35.0,1.4167855740060762,1.4130185031848617																									
558,0.5,50.0,40.0,1.4167855740060762,1.4130185031848617																									
559,0.5,50.0,50.0,1.416923841209208,1.4130185031848617																									
560,0.5,60.0,2.0,1.4167855740060762,1.4130185031848617																									
561,0.5,60.0,3.0,1.4167855740060762,1.4130185031848617																									
562,0.5,60.0,4.0,1.4167855740060762,1.4130185031848617																									
563,0.5,60.0,5.0,1.4167855740060762,1.4130185031848617																									
564,0.5,60.0,6.0,1.4167855740060762,1.4130185031848617																									
565,0.5,60.0,7.0,1.4167855740060762,1.4130185031848617																									
566,0.5,60.0,8.0,1.4167855740060762,1.4130185031848617																									
567,0.5,60.0,9.0,1.4167855740060762,1.4130185031848617																									
568,0.5,60.0,10.0,1.4167855740060762,1.4130185031848617																									
569,0.5,60.0,15.0,1.4167855740060762,1.4130185031848617																									
570,0.5,60.0,20.0,1.4167855740060762,1.4130185031848617																									
571,0.5,60.0,25.0,1.4167855740060762,1.4130185031848617																									
572,0.5,60.0,30.0,1.4167855740060762,1.4130185031848617																									
573,0.5,60.0,35.0,1.4167855740060762,1.4130185031848617																									
574,0.5,60.0,40.0,1.4167855740060762,1.4130185031848617																									
575,0.5,60.0,50.0,1.4167855740060762,1.4130185031848617																									
